21003603
00203603
38173603
18383603
21003604
00203604
38173604
18383604
21003503
00203503
38173503
18383503
21003522
00203522
38173522
18383522
21001704
00201704
38171704
18381704
21001707
00201707
38171707
18381707
21002307
00202307
38172307
18382307
21002327
00202327
38172327
18382327
21003222
00203222
38173222
18383222
21003216
00203216
38173216
18383216
21001216
00201216
38171216
18381216
21000435
00200435
38170435
18380435
21000535
00200535
38170535
18380535
21000516
00200516
38170516
18380516
21000816
00200816
38170816
18380816
21000822
00200822
38170822
18380822
21000434
00200434
38170434
18380434
21002334
00202334
38172334
18382334
21002331
00202331
38172331
18382331
21001731
00201731
38171731
18381731
21001711
00201711
38171711
18381711
21002822
00202822
38172822
18382822
