44113139
44123141
25122741
25152748
31153048
31153047
31353052
25152747
25122720
25122620
44123120
44123133
44113115
43112715
43112711
43302716
43303216
40302716
40242711
20242711
40243611
40303611
40302711
43303611
43113611
43113216
20242716
43112716
44113611
40243216
40303216
44123611
44113216
44123216
25122716
25122711
34123611
34103611
34102711
34122716
25152716
31153216
28122711
28112711
36113511
36123511
28432716
30433216
20432716
20422711
12422711
31423611
31393611
12432716
13433216
13243216
13242716
16243216
16303216
16302716
36303216
16242711
13242711
13432716
25392711
25392716
25192711
25193611
25393611
31393216
16243611
16303611
16302711
31423216
12422716
36303611
